16 8 8 8 8 8 8 8 8 8 8 8 8 8 8 8 
8 6 10 12 8 10 10 8 12 6 10 8 8 6 6 8 
8 10 8 6 10 8 6 8 10 4 10 8 12 10 8 10 
8 4 10 6 10 6 8 12 10 10 8 8 8 8 10 10 
8 8 6 10 12 8 10 10 6 10 8 8 10 10 4 8 
8 10 8 10 8 10 8 10 6 8 6 8 10 4 10 12 
8 10 6 8 6 8 8 10 12 10 6 12 10 8 8 6 
8 8 8 12 10 6 6 6 8 8 8 12 6 10 10 10 
8 4 6 10 6 10 4 8 8 8 6 6 10 10 8 8 
8 6 4 6 6 8 10 8 8 6 8 10 6 8 6 12 
8 10 10 8 8 6 6 8 10 8 4 6 6 8 4 10 
8 8 8 8 8 8 4 12 6 6 10 10 6 6 6 6 
8 8 4 8 10 6 6 6 10 10 10 6 8 4 8 8 
8 6 10 8 6 4 8 6 6 8 8 10 12 6 6 8 
8 6 8 6 12 10 8 6 8 6 4 10 8 6 8 6 
8 8 6 10 8 4 10 10 8 4 6 6 8 8 10 6 
